4294967294,0
4294967278,115
4294967278,114
4294967278,113
4294967278,112
4243767290,0
4243767289,0
4294967278,126
4294967278,125
4294967278,124
4294967278,123
4294967278,122
4294967278,121
4294967278,117
4294967278,116
4294967279,370
4294967279,348
4294967279,287
4294967279,268
4294967279,385
4294967279,285
4294967279,347
4243767289,3
4243767289,2
4294967294,14
4294967294,20
4294967294,18
4294967294,1
4294967294,46
4294967294,42
4294967294,76
4294967294,36
4294967294,39
4294967294,41
4294967294,115
4294967294,387
4294967294,388
4294967294,51
4294967294,52
4294967294,165
4294967294,113
4294967294,167
4294967294,162
4294967294,177
4294967294,176
5,4
4,4
13,12
13,4
12,9
12,8
12,4
11,128
11,69
11,68
11,66
11,64
11,89
11,88
11,176
11,175
11,173
11,171
11,170
11,168
11,166
11,165
10,4
4294967294,82
4294967294,21
4294967294,160
4294967294,168
4294967294,163
4294967294,83
4294967294,422
4294967294,97
4294967294,106
4294967294,189
4294967294,185
12,5
13,9
11,109
11,99
11,94
11,97
11,6
4294967294,1354
4294967279,384
4294967279,281
8,4
4294967279,367
4294967279,392
4294967279,393
9,4
4294967294,473
4294967279,391
4294967278,531
4294967294,472
4294967294,50
4294967294,1360
4294967294,7
4294967294,6
4294967294,5
4294967294,93
4294967294,95
4294967294,22
4294967294,17
4294967294,99
4294967294,156
4294967294,202
4294967278,132
4294967278,130
4294967278,111
4294967278,110
4294967278,109
4294967278,108
4294967278,101
4294967278,100
4294967278,99
4294967278,92
4294967278,91
4294967278,90
4294967278,82
4294967278,81
4294967278,80
4294967278,79
4294967278,72
4294967278,71
4294967278,70
4294967278,63
4294967278,62
4294967278,61
4294967278,54
4294967278,53
4294967278,52
4294967278,51
4294967279,70
4294967279,69
4294967279,68
4294967279,67
4294967279,66
4294967279,65
4294967279,64
4294967279,63
4294967279,62
4294967279,61
4294967279,60
4294967279,59
4294967279,58
4294967279,57
4294967279,56
4294967279,55
4294967279,54
4294967279,53
4294967279,52
4294967279,51
4294967279,50
4294967279,49
4294967279,48
4294967279,47
4294967279,46
4294967279,45
4294967279,44
4294967279,43
4294967279,42
4294967279,41
4294967279,40
4294967279,39
4294967279,38
4294967279,37
4294967279,36
4294967279,35
4294967279,34
4294967279,33
4294967279,32
4294967279,31
4294967279,30
4294967279,29
4294967279,28
4294967279,27
4294967279,26
4294967279,25
4294967279,24
4294967279,23
4294967279,22
4294967279,21
4294967279,20
4294967279,19
4294967279,18
4294967279,17
4294967279,16
4294967279,15
4294967279,14
4294967279,13
4294967279,12
4294967279,11
4294967279,10
4294967279,9
4294967279,8
4294967279,7
4294967279,6
4294967279,5
4294967279,4
3,4
3,5
4294967278,131
4294967278,560
4294967278,529
11,136
11,135
11,134
11,133
11,132
11,131
11,130
11,129
11,87
11,86
11,85
11,84
11,83
11,82
11,81
11,80
11,79
11,78
11,77
11,76
11,74
11,75
11,73
11,72
11,71
11,70
11,67
11,65
11,93
11,92
11,91
11,90
11,177
11,174
11,172
11,169
11,167
11,164
11,4
4294967278,129
4294967278,256
4294967278,128
4294967278,558
4294967278,127
4294967278,557
4294967278,255
13,11
13,10
7,4
4294967278,555
4294967278,251
6,4
4294967278,120
4294967278,249
4294967278,119
4294967278,118
4294967279,395
4294967279,0
4294967294,166
4294967294,24
4294967294,175
4294967294,15
4294967294,169
0,5
4294967294,426
4294967294,43
4294967294,104
4294967294,384
4294967294,184
4294967294,25
4294967294,183
4294967294,182
4294967294,471
4294967294,26
4294967294,205
4294967294,1355
4294967294,81
4294967294,68
4294967294,67
4294967294,11
4243767290,3
4243767290,2
4294967294,13
4294967294,127
4294967294,126
4294967294,12
12,7
11,5
2,4
2,5
11,108
4294967279,394
11,139
11,138
11,137
11,127
11,126
11,125
11,124
11,123
11,122
11,121
11,120
11,119
11,118
11,117
11,116
11,115
11,114
11,113
11,112
11,111
11,110
11,107
11,106
11,105
11,104
11,103
11,102
11,101
11,98
11,96
11,95
11,100
4294967294,460
4294967278,328
4294967293,131
4294967293,130
4294967293,129
4294967293,128
4294967293,127
4294967293,126
4294967293,125
4294967293,124
4294967293,123
4294967293,122
4294967293,121
4294967293,120
4294967293,119
